4366
9817
15244
16777
20058
20938
21741
32060
33069
33309
35027
37060
39434
42740
45227
58884
69339
72755
72817
90945
93637
96493
100084
106835
111397
123436
123572
124720
134531
139718
142320
151178
179931
183973
185208
199919
205164
206454
213049
220501
220766
231958
232316
233376
242313
250827
252194
260714
272446
274903
275566
287303
319876
327726
338453
361078
415847
425848
430737
434204
435196
457631
463728
465446
473753
499416
506192
509663
517232
519491
523266
528191
546663
552174
564761
591892
640590
650173
659057
697204
765182
769940
793525
799503
805508
816474
826230
835298
846666
891614
901680
939756
965653
980275
984748
991010
1032101
1081152
1093876
1155951
1156543
1160526
1175450
1282925
1300144
1374027
1377845
1396847
1445971
1489111
1621048
1622120
1655799
1709355
1799275
1830329
1970805
2108418
2146660
2160379
2222484
2227588
2236217
2347309
2360061
2368161
2410505
2664538
2673939
2683493
2714730
2792263
2806927
2833184
2862436
3013782
3114306
3157267
3185834
3344055
3468628
3609551
3705920
3732257
3772775
3914906
3945084
4239544
4273207
4488207
4559678
4898773
4992718
5420279
5460966
5613266
5749173
6081917
6684170
7210207
8018915
9349918
9383572
9436287
9436572
9674197
12677830
12724589
12815016
12857345
12952199
14078240
14098095
14281437
14428229
15279593
15756100
16127793
21402849
22480259
22779358
22922044
24102531
30218567
30316298
41656180
62236379
92386274
102941607
115428485
