1323026
2594827
2622945
3241595
3272451
3529428
3829981
4078335
4270017
4388295
4545650
4692222
4897917
4960243
5289268
6273126
6464746
6516363
7025558
7075042
7086313
7308152
7658360
7906980
8573027
8724845
8832175
8957873
9217074
9720998
10343097
10457407
10689739
10927564
11421238
11774302
12171480
12214690
12483566
12561149
13116984
14158774
14162065
14492947
14728115
14989891
15168856
15235761
15281046
15780405
15870501
15893230
15927414
15944532
16643022
16669103
17377227
17940192
17942072
18033101
18059100
18178912
18452251
19065485
19341739
19399513
19723076
19732878
20367972
20450288
21015404
21180279
21556648
21718711
21924583
22350699
22623752
22677871
22887486
23122655
23346650
23990882
24082100
24153586
24272944
25253885
25321261
26365735
26388644
26552965
27024990
27025166
27063328
27082400
27210690
27226406
27353584
27396196
28093850
28215629
28352714
28441271
28875729
29779138
30231960
30317077
30329401
30665241
30798084
31059788
31568185
31901474
31955153
31958130
32135692
32323110
32852669
32958757
33024439
33212096
33242588
33307824
33375788
33579404
33592236
33804328
33827688
34202219
34852884
34934434
35626799
35766406
36041533
36132999
36208355
36473314
36619751
36966031
36970453
37024742
37238120
37612583
38036607
38312568
38405956
38586119
38631266
39108134
39444103
40188580
40221949
40352867
40370547
40397272
40403986
40948105
41104276
41150218
41169409
41627497
42095000
42163937
42993342
43453384
43982387
43983897
43986572
44068467
44797437
44947822
45374975
45392918
45489559
45848780
46260733
46988950
47124336
47139295
47245268
47381902
48055333
48663653
48906987
49084721
49204725
49469764
49723450
49807798
50006946
50157009
50718945
50755049
50815664
50993943
51119635
51320785
51386934
51494619
51719733
52015743
52493978
52657304
53169071
53391495
53450692
53772681
54944047
55035973
55433120
56318854
56492852
56840748
57062811
57855386
57992881
58322409
58361065
59020567
59041403
59047174
59152656
59188282
59201985
59241242
59299465
60806914
61020779
61382104
61833640
61990738
62100101
62164281
62251423
62314710
62936846
63162041
63263280
63688852
64450509
64534955
65286609
65897455
65934612
66076851
66632322
66655484
67232758
67248873
67653422
67680146
68348686
68660927
69558728
69575461
69706301
69735710
69791681
70455752
70873693
71451548
72327640
72419357
72497816
72763633
72861321
73184068
73915195
74865743
74893967
75461199
75649311
76354923
76738729
77142200
77173141
77412732
77603997
77752183
77797639
77934364
78315870
78514007
78562934
78710464
78786868
79068760
79880586
80516559
80826206
80855341
81049520
81224106
81964841
82033792
82346131
82465244
82727620
82896478
83554225
83682503
84074333
84897991
85242815
85253062
85303786
85613145
86278778
86433838
86687363
87158969
87288040
87311634
88274569
88451470
88455672
88481239
89338345
89515061
89662570
90010294
90376839
90417245
91004488
91364915
91452095
91760820
91922043
92061770
92507343
93130525
93257395
93512271
93948407
94599362
95216606
95243697
95795927
95802843
95819366
95913211
95926740
97111068
97208857
97302542
97307487
97377289
97477139
97788302
97928752
98149572
98749461
98759582
99254068
99970341
100234188
100359965
100462732
100891743
100967089
101009773
101143598
101281213
101549082
102197679
103508514
103519182
103809784
103833349
104017219
104223949
104336243
104624300
105483688
105711673
106063246
106754419
107091335
107540070
107771157
108001876
109378027
109493020
109703915
110000484
110051220
110386603
110659779
110674032
110802794
111328608
111455935
111853938
111880959
112135884
112442913
113995533
114680814
115288606
115773141
115994237
116229011
116240976
117488094
117584586
117801652
118199458
118440854
118489555
118533159
118727208
118968566
119132175
119553298
120338602
120343637
120362314
120587954
120859802
120919298
121030249
121451161
121502935
122026887
122110200
123795175
124795920
125019539
126538480
126982023
127123169
127678981
127721846
127738023
129101201
129298374
129639461
129651865
129809296
130143971
130189028
130525496
130622875
131520908
131622391
131626256
131697000
131867219
132656708
134127079
134580176
135579385
135980362
136549043
137272849
137410789
137770272
138434901
139264912
139830411
140456097
140632656
140819728
141322980
141501883
142139982
143144688
143214074
143307044
144061680
144225125
144227980
144581881
144837848
145329796
145475738
146163954
146204732
146208288
146389930
146400081
146574564
146879093
146967888
147380668
148288119
149100960
149251947
149307197
149393124
149499466
149982210
150122713
150256599
150400952
150699096
151158271
151672233
151916263
152323755
152662654
152710094
153455149
153967652
154105172
155048808
155294233
155612995
155709250
156045291
156757181
156797687
157143667
157466782
157813437
158544526
158711842
160237528
161384297
161901970
162478196
162925900
163253005
163643975
164440587
164633840
165444201
166059259
166179042
166219960
166219989
166241238
166875843
166981793
167562456
167851257
167916422
168601501
168664757
168686751
168804519
169203706
169434505
169716947
170631734
170991463
171235705
171246299
171548111
172474867
172782095
174222198
174460769
175253120
176118883
176356146
176669057
176860063
177576547
178718774
179247514
180296162
181331330
181467871
181521770
181611754
181990281
182576699
183080568
184277023
184842295
186046319
186188372
186406140
186480041
186693330
186959402
187205714
187364840
187650783
187662011
187765602
188150155
188684829
189144052
189736024
189755027
190640506
191710801
191821336
192025346
193055000
193143071
193367969
193688344
193866740
194401034
194609988
194708971
196506602
197066965
197105080
197161190
197413658
197429359
197570082
198196108
198722373
198845508
199113241
199270973
199925633
200138002
200903453
200977917
201807575
201912088
202371059
203079462
203605369
204248742
204703562
205268044
205533168
206046438
206694411
206709567
206932901
207024364
207535770
207689815
208069263
208238701
208601076
209086378
209399901
209860623
210023144
210841693
211161796
211172013
211244121
211375073
211464092
212624811
214020267
214724050
215101278
215887311
216025325
216495581
216577605
217501466
217661926
218873210
219483743
221585681
221847812
222019936
222575378
222924584
223929471
224320981
224647343
224649146
225006244
225810629
226006046
226111868
226380753
227108492
227360796
228404025
228545637
228569917
228732753
228786951
228992068
229095386
229135046
230130513
230212133
230633779
230773049
231039081
231923149
232229482
233253133
233736595
234300381
234481368
235335236
235516173
236877629
237258334
237357030
237537411
237612659
239036080
239677150
239816305
240071890
240250590
240251094
240863210
242066108
242116097
242249235
242649180
244335249
247483211
247531197
248265948
248279136
249610513
249707976
250092660
250617846
250739450
250829034
251338369
253266359
253305176
253861867
256857460
257310684
257596858
258388225
259081360
259213398
259553325
260882032
261404968
262843995
263724531
264632010
264827881
264988920
265027752
265726970
265994588
266143238
267412185
268334538
269290354
269526445
269923031
270374412
271656755
272575606
273203179
273574910
274366948
274454380
274714071
274867948
275127441
276885877
276953931
276959114
277559009
278132898
278721444
280466734
281312687
281344669
281763471
281814708
282651701
282704926
282764249
284405641
284454791
286980847
287022288
288540947
289671089
289673599
290226602
290820813
292138046
292187832
292577679
293337775
293658755
294201574
295562869
297355472
297494710
298025393
299238560
299721384
299916105
300029992
300777914
300840837
301212570
301656953
302057901
303779641
306812843
308351088
308555029
308609050
308749921
308750005
309076830
309147592
309217779
309767987
309857283
310068963
310332947
310986843
313315210
313333416
314783772
315242544
315440033
316597634
316651306
318683115
318751304
319260196
319307532
319997065
320054266
320826815
321563376
321591871
322518056
323100640
323213929
323916556
323988458
324655685
324750440
324770230
324928510
326005079
326423206
327264994
330649523
332510914
332512842
332532954
333047154
335225073
335629702
335764688
335983506
336245659
337753172
339534794
340602684
340720400
340895908
341934144
341939593
342678427
342821681
344232723
344436063
344486659
345102418
345367838
345620880
347431838
348590564
348674156
348787399
349394824
349455568
350123641
351037038
352294075
352829446
353131271
353664223
353905984
355020584
355400176
356480940
356901042
358828633
360200750
360419103
360970574
361278312
361370483
361716316
362457918
363453663
364131024
366435944
366581559
367104658
367258671
367769506
368710799
368991318
369717701
370548354
372238092
373980988
374282294
374515444
374540015
375289530
375875557
376163689
377492047
377942953
378552999
379108669
380487998
381500754
381664639
381797538
382141666
382216489
382809210
383019531
384609592
384996504
387187432
388381693
389278138
389534575
389884415
389997973
391242437
392148274
392437156
392929392
395794934
395901457
397436427
398806645
400405648
400587096
401673574
402483272
402823433
403085121
403321112
404573660
404933910
405096135
405927986
407199885
407894143
409373697
411027781
412024481
412912105
412971152
413509058
414741737
418257712
419929252
421919123
422477366
424158261
425516736
425649103
426608772
428352046
428550624
429219683
429404276
431571672
431960072
432320167
432909991
433860863
434126196
434163611
435196364
435386818
438510365
438554666
438657315
440143405
441760978
442014745
443426951
444201309
445201775
445263352
445396037
445569696
445720535
445786858
446006252
446392102
446834029
447998021
448346401
448703519
449314054
451589694
452740554
453535315
454823728
455986609
460694147
460906239
460946732
461014861
461293809
461488417
462442549
462868292
463215509
463635230
463798123
463926759
465197623
466418590
466815095
467443618
468449913
468795839
469052344
470761649
471344066
471362784
473025982
473481398
473729885
474957396
475163446
477011626
477464260
479466014
479892243
480538004
481085656
482753290
483656637
484067432
485477619
486433513
486769153
487054167
487343924
489463585
491368170
492240363
494713049
495223621
498957778
499383506
499504433
499991728
500048478
500158438
500228724
500266123
501144727
502160327
502756456
503123202
503710193
506056221
506420139
507926504
508522024
510101529
510150356
510637260
510826291
511278475
512200506
512485079
513690313
514804773
516620293
518023664
518722380
521453639
523728385
524127798
525817423
527597462
528073202
528720981
529638741
530665425
531664777
532447914
533917359
534067870
535282113
535964535
536030091
536346043
538675981
539224891
539278033
541639444
542001590
542454404
544173749
544462688
544508228
545184590
545284540
546333792
546857196
548393867
549067951
549867828
550671721
551081193
552234844
553483977
553518152
554182034
554449923
556503800
557595536
559713293
561323448
561385783
561478958
563182385
564316367
564775312
565335965
568102075
568510629
570648109
571310497
571991834
572324969
573105652
573361500
573949211
574228126
574369959
574446595
575332438
575351448
576182603
576355161
576711093
577772498
578469118
579563524
579615768
579800979
581025344
582468376
586573196
586639183
586991406
588744917
589082550
589120835
592243634
592758204
593052453
593202387
596003385
596994657
598396230
603510284
604583949
604830255
607099008
611364135
612862771
615875678
616510885
619555389
620145337
620862430
621414849
622946298
624360681
626246074
626947594
627702195
628677428
630369752
630398730
632031918
632078232
632420317
636503081
638593930
643859359
644472775
645229353
645310279
646462732
647903826
648121261
648732364
649807545
650060360
651314012
651859999
654753947
654904827
656456450
658389344
658547514
659683266
661061876
661743235
662826647
662980699
663478935
664179102
664274215
666135153
666235744
667469345
668327903
673575779
674819194
676807049
679210141
680530573
682131480
682338920
686745467
687867916
688232111
690943176
694647735
695371885
695963589
697886939
700189829
700892828
701386889
701749030
702419262
705485601
706149603
708260137
708910311
709247176
711522208
712495239
713567261
714074056
714533928
714568345
716013808
716315389
718097058
719673505
720637342
723271924
724524596
725599670
727729494
727772759
728545879
728962312
732314075
733467785
734276408
736391851
737832462
740188223
740708334
742555118
743338045
743691626
744956104
748778125
749041509
750380896
751486797
753339000
753615296
754074701
757877835
761528351
762259992
762315999
763385099
763719127
763903537
764851505
768512717
770661696
772729336
772856796
774158421
775521229
775828017
777301155
777513389
780152772
780874752
781158062
784494606
784993330
785065361
785432603
792754049
792998830
793704755
794186176
795062692
795703223
796701826
797592834
798041254
798705321
799643661
802140915
802521606
802797304
804343199
806751239
807991616
808984632
809905352
810101184
811698072
813971111
814957645
816393499
818056830
820712147
822956051
823161748
826471166
827966498
831164902
835351201
836198574
838824717
841153493
844438432
844834195
845142068
846246874
846423304
847017032
848872329
849522315
851609259
851996342
852705115
853997305
854289320
854686331
855172531
857783631
858522753
858742094
858830628
858976886
859122287
861636919
862983725
863840601
864181093
865173905
865326573
865497393
866599435
866687200
867495188
868684480
868901787
876945198
877051880
879225667
880060798
880140369
880969882
882791991
883724932
884042072
884737978
884986513
886838985
889396905
889685024
890235606
892135510
894217841
895211400
896372533
899549367
906427317
906947242
910264211
910685515
912275699
912742027
912829936
914065659
918758321
919419008
924731026
925280324
927634667
927926053
928295044
928865109
929676337
931789040
932681614
932703565
934213510
938511948
941827611
944118901
949058969
949107038
949735802
949917801
950270564
950769339
951152554
951898009
956525068
957915485
959490192
959889754
964729202
965657369
965815418
965816853
966925246
967380201
968638993
971047617
975776083
975822070
977674489
977780027
983391709
983903063
985844944
985954713
986265801
987166468
987518993
989287342
990028627
997458507
997733062
998979884
1002270924
1003866073
1005360305
1005809084
1009465762
1009519672
1009982277
1010405176
1017405177
1018325071
1021406108
1022064668
1022325662
1024561514
1024687467
1027818255
1029274533
1034899878
1035054052
1035144658
1036090647
1036168131
1040446500
1042084134
1043778474
1044857248
1047062867
1047266896
1048032918
1048649447
1049113363
1050929525
1052708520
1053902109
1055062650
1055135013
1055387955
1056101878
1057625722
1060831217
1061335858
1062724152
1064857041
1065020821
1066598332
1067263338
1070542251
1076458929
1078981975
1083073248
1086582008
1090333260
1092303296
1092483326
1092841870
1093338789
1098328757
1100324521
1101788739
1102075561
1102575524
1102788990
1105236170
1105532863
1109269950
1109773565
1112714635
1117259648
1120332887
1120982744
1122221090
1126278360
1127078708
1132746761
1133857617
1134692682
1139712082
1140895626
1151007230
1153225160
1157453959
1158529244
1158844496
1160219510
1162534051
1163950634
1164208397
1164546714
1168810544
1169634256
1169822381
1169825660
1174126957
1175458579
1177480734
1177861501
1180465689
1181056176
1181405612
1184823988
1187855126
1187932151
1191182920
1193329923
1196985074
1199232021
1200000136
1200100366
1200491531
1200665018
1202353158
1203037195
1203969319
1205755175
1205827758
1206455670
1211454666
1212582105
1213351514
1215880952
1216860002
1224918978
1226973613
1228217829
1229341695
1229444858
1230500373
1230679235
1233602227
1235100875
1235335641
1238799446
1239583676
1244280033
1246162758
1248889366
1259174619
1261436183
1263516048
1264011417
1267218610
1278827818
1282761909
1293252580
1297067277
1297455767
1304153143
1305465287
1306404860
1308865133
1309091760
1310449924
1311747406
1312344530
1316681423
1316916011
1317097760
1318354583
1320759661
1322144815
1331251400
1331433459
1331523556
1332469933
1333196842
1340799536
1343185387
1345766767
1352312224
1356886442
1357136929
1358599879
1363012806
1363823375
1374694945
1375256811
1378508388
1383323741
1386370786
1390482744
1391131640
1391401959
1392979447
1393356079
1397850691
1407244602
1411290246
1416272803
1418409058
1419437770
1420464560
1423705978
1425011689
1425480030
1428166905
1430005078
1431527176
1434674794
1436914550
1439209592
1440954872
1449951824
1450821113
1452596620
1454670275
1460570087
1461213025
1465114722
1465287630
1467339762
1469355437
1471831111
1472725668
1474342138
1474955185
1476906133
1486980600
1488173140
1490346313
1490485764
1498148743
1498893335
1513576006
1513825269
1514278651
1520356156
1521224339
1521691140
1522962388
1523185626
1526137853
1526454197
1528527367
1529559383
1534377365
1536121259
1537814146
1540115448
1540543075
1542845350
1543173570
1544044951
1549878401
1550379388
1554216097
1554345105
1554743650
1555249498
1555285735
1556021158
1556654774
1557894327
1558435886
1558887391
1560690916
1565022369
1567690187
1568829606
1569707156
1573722016
1574095693
1575539708
1578561646
1588535158
1589938575
1594910577
1597578997
1603835852
1611858562
1612636362
1615826663
1615934472
1617797366
1620059886
1621712625
1623431947
1630754101
1635857569
1638358098
1640006912
1642411158
1646613081
1648864010
1648971703
1651371319
1653132620
1653361567
1656772600
1658268239
1658419290
1659718447
1660131889
1660929042
1660949984
1661031938
1661594369
1662178052
1663870302
1665552370
1671724404
1674132613
1677035019
1682061210
1688020183
1696521807
1696759525
1696975153
1697324571
1700480853
1704767738
1709415704
1711100475
1715485223
1724293883
1725006561
1729768058
1731608174
1732730336
1732985810
1735413321
1744143865
1749042683
1753030377
1755440142
1756577147
1756782169
1758250441
1758770908
1760543978
1764460962
1764578710
1770507415
1771387629
1775635727
1779997926
1789592575
1794620923
1795034089
1796640283
1796854604
1800927053
1802466927
1803843474
1807890826
1810535251
1812889985
1819384465
1821702574
1826105957
1826610820
1832501157
1832674902
1834602132
1837174794
1839137571
1841343232
1844334215
1857457902
1858840547
1861783639
1863438244
1864682068
1867546179
1867956036
1873859327
1876027026
1878255560
1885496113
1885525947
1887799839
1891613854
1892430378
1893256078
1893497731
1895149923
1898262099
1899494196
1903117191
1914408293
1915616124
1916625640
1925479410
1926113495
1927606570
1934002001
1944926753
1948976207
1950948088
1951352262
1951550908
1953398658
1958935940
1960979512
1961790683
1962673083
1965755497
1967475253
1967838247
1977786133
1979497670
1980946928
1981504288
1983109239
1985812974
1986336475
1987635190
1992751994
1994140557
1996856935
2004340030
2007292711
2011304151
2021961295
2023037684
2029834542
2038370873
2039469230
2043145625
2059101043
2062887338
2065771513
2075694282
2081923426
2084969449
2093375058
2095585995
2095852260
2099864489
2102074226
2109469354
2112300075
2112455738
2113457164
2117669079
2117734871
2121664652
2122153020
2122553047
2125816095
2127331314
2128587096
2131426263
2132559430
2140782737
2141120676
2141869677
