8 108
139 144
13 48
32 111
154 204
166 154
232 72
109 59
225 103
110 154
181 33
11 32
126 15
10 172
156 180
136 3
16 72
98 64
206 232
33 7
71 171
132 207
187 47
113 39
140 186
1 125
77 148
195 2
147 73
185 146
208 42
120 26
72 156
104 11
21 187
37 51
29 193
111 18
63 75
56 64
113 125
49 110
91 233
42 83
173 205
105 206
133 227
166 115
221 235
2 62
231 117
85 132
24 67
184 104
228 227
6 124
100 56
72 155
31 127
14 76
50 200
206 4
91 220
146 22
29 126
61 28
196 86
220 56
118 131
91 120
32 208
46 56
229 36
104 127
230 182
104 149
104 53
165 130
213 115
65 230
173 14
180 121
226 17
224 4
224 231
154 202
193 2
186 184
88 71
199 10
200 58
95 69
219 36
15 197
70 178
7 93
53 105
121 150
194 32
76 108
40 112
149 94
187 73
147 201
29 102
79 229
86 163
16 124
205 159
166 221
53 47
72 84
175 62
68 179
41 47
183 181
50 184
191 207
77 49
141 100
148 34
109 31
135 104
39 64
187 166
191 232
133 118
166 49
169 77
134 168
116 54
217 223
104 75
149 166
187 176
231 86
24 101
156 232
73 117
41 81
206 82
35 146
38 232
79 35
187 188
35 7
37 29
116 37
231 28
53 158
26 225
63 129
232 21
74 33
27 199
78 98
228 85
38 192
90 133
57 159
175 214
105 163
68 34
90 90
141 46
109 31
211 119
217 200
158 112
205 42
191 176
148 1
149 82
89 154
81 183
35 74
191 199
68 139
65 214
171 55
212 106
0 189
127 59
52 159
140 206
151 184
162 137
51 51
171 222
23 132
32 111
71 57
31 229
15 225
142 160
157 204
196 232
57 20
212 164
97 67
1 122
204 199
39 219
112 136
69 216
139 178
39 222
148 93
136 214
200 27
207 46
71 122
160 116
154 158
106 17
178 129
77 171
186 12
50 152
141 171
141 221
229 151
235 42
151 87
72 36
162 189
36 87
197 5
146 73
17 150
98 89
46 67
19 131
162 130
141 48
66 216
155 99
26 197
224 128
217 144
12 10
15 121
196 55
222 53
104 162
224 130
107 0
119 97
107 231
202 6
179 174
160 69
18 15
162 215
46 2
131 32
0 205
220 216
162 7
73 202
20 143
90 42
184 22
163 16
132 91
58 227
52 23
128 219
127 83
71 93
58 56
71 74
181 171
9 125
4 71
200 95
6 97
50 196
140 94
210 212
75 3
180 44
136 69
74 179
106 178
39 142
104 33
205 148
140 116
135 220
109 214
162 30
17 225
162 94
221 63
229 85
212 2
180 110
183 92
214 51
124 205
66 94
85 197
34 145
89 143
154 64
37 120
234 183
62 78
46 141
87 42
220 156
123 198
178 161
143 141
76 102
186 43
178 208
113 189
219 8
157 75
113 134
178 12
235 27
0 104
141 6
173 130
6 57
101 72
107 35
34 7
202 75
2 137
187 117
8 17
135 97
191 216
170 82
158 228
62 37
195 155
77 140
226 205
178 36
193 178
85 123
45 179
24 204
182 26
109 161
143 185
143 108
103 27
9 46
30 77
93 65
151 6
61 226
78 210
3 168
172 11
87 191
131 152
89 159
34 56
107 0
124 93
99 35
133 182
12 16
120 203
188 82
117 32
102 100
64 72
195 184
69 30
8 213
204 165
26 168
37 166
53 99
210 67
222 57
109 136
96 144
105 214
33 45
128 71
207 80
152 27
171 147
106 213
117 56
100 165
222 207
177 91
14 132
180 19
235 142
126 93
200 116
94 39
123 9
146 212
75 54
100 77
91 216
123 218
125 109
73 139
132 165
137 17
132 88
155 67
6 211
16 36
149 34
67 215
16 192
31 167
3 35
7 15
183 185
172 84
7 176
53 103
13 179
192 85
203 123
158 101
194 128
156 58
92 232
167 109
172 165
5 139
188 164
176 208
14 41
133 224
106 59
215 192
152 142
63 68
5 189
138 49
113 38
136 41
216 61
181 45
42 50
128 45
144 39
74 204
102 146
156 36
19 136
44 150
5 13
193 230
74 48
141 30
85 86
231 10
7 73
175 152
154 232
149 31
72 189
113 54
18 32
150 41
44 89
31 17
78 111
234 83
127 191
59 108
196 3
212 128
138 196
55 101
81 161
103 208
63 2
183 157
121 198
229 134
132 140
71 55
37 22
79 116
73 229
209 115
51 141
210 119
56 98
69 29
136 225
99 9
40 198
104 133
199 13
35 94
73 109
98 47
209 52
177 44
214 146
224 180
169 18
226 81
207 213
179 54
216 141
233 41
83 215
132 184
94 222
50 112
159 203
211 117
124 95
67 82
104 114
130 40
149 173
214 213
203 233
164 94
188 56
112 199
82 184
42 153
219 50
142 200
223 66
37 98
167 120
184 51
171 181
173 27
175 97
44 157
70 50
43 111
169 132
59 186
47 156
186 61
110 226
64 196
199 171
224 45
101 151
111 35
114 17
22 35
56 156
104 65
149 59
202 155
216 100
217 187
221 179
190 104
106 63
25 58
176 126
86 166
118 223
5 2
10 224
169 85
72 131
40 235
128 146
99 72
80 160
148 57
177 220
71 18
25 105
141 187
112 227
184 159
93 128
58 109
99 112
136 150
92 42
215 32
37 102
57 3
233 179
207 205
164 18
29 165
223 121
66 62
127 105
191 126
130 181
85 13
108 125
106 196
108 122
190 34
108 58
140 203
3 120
207 203
144 178
14 177
178 180
235 191
235 118
120 108
138 188
85 136
9 98
99 15
118 221
8 228
208 88
223 119
51 234
146 39
176 200
229 129
22 0
3 52
121 173
148 87
52 205
218 71
119 23
84 116
150 112
87 196
106 124
49 178
30 80
114 72
68 83
193 105
66 144
11 101
16 141
216 53
122 74
157 102
234 227
34 107
140 33
158 34
172 10
179 160
140 196
176 110
52 6
133 82
30 185
218 220
157 107
144 203
118 149
101 8
173 123
75 26
32 182
78 64
81 98
51 160
145 124
65 225
212 226
49 20
2 116
69 227
190 120
133 208
107 147
198 120
90 23
56 218
231 31
163 126
22 78
14 38
188 73
196 213
167 234
20 111
36 110
199 115
216 165
174 159
139 132
224 84
44 133
36 31
199 155
89 55
41 75
158 2
173 125
134 57
226 231
114 117
191 50
20 79
43 235
171 185
12 198
53 219
117 204
175 10
138 119
137 158
129 194
159 10
55 192
121 202
35 49
172 145
232 153
154 58
206 103
193 34
100 125
137 95
77 2
103 81
95 0
45 12
13 19
64 87
176 218
121 101
132 100
181 100
114 73
110 203
211 85
89 148
19 33
135 32
111 235
164 25
39 229
94 83
192 158
69 18
115 65
173 25
203 34
16 60
160 52
162 188
176 61
161 84
73 9
233 46
46 41
35 193
95 186
138 206
44 56
179 43
111 68
227 126
40 167
68 169
181 8
30 9
145 110
8 19
122 29
144 165
11 79
72 96
111 112
108 17
167 147
1 83
116 24
140 223
117 207
126 19
38 53
229 179
204 45
167 194
156 104
139 148
65 193
30 79
7 90
3 214
26 181
122 205
4 140
137 116
79 85
64 206
171 49
66 42
114 13
216 148
170 49
30 63
199 61
170 177
1 59
174 101
129 9
170 157
227 159
210 159
84 115
225 176
222 168
10 190
133 32
80 154
197 86
93 98
235 106
170 102
25 84
126 140
47 211
129 7
40 97
206 194
19 135
135 171
111 161
154 101
20 9
85 80
144 195
220 15
25 211
39 88
103 43
32 18
56 43
145 69
154 50
92 208
106 5
79 187
202 214
195 101
18 117
110 228
151 204
70 103
62 229
148 31
119 76
78 42
61 195
2 220
180 153
206 215
84 26
7 80
192 30
125 28
155 80
35 172
14 103
72 107
111 115
114 37
143 153
96 192
130 92
151 100
126 62
77 58
126 150
129 83
230 2
154 159
184 171
181 158
116 232
109 2
115 216
67 204
231 153
205 77
10 101
73 141
200 234
91 121
182 36
71 39
155 122
128 77
144 66
96 104
94 10
223 92
53 157
133 131
119 158
150 179
176 114
71 128
206 120
158 199
67 30
189 2
155 146
147 118
65 162
46 52
95 138
228 137
129 46
227 65
17 8
101 125
10 221
73 77
218 213
86 223
38 206
20 195
232 91
138 208
70 87
234 58
62 219
88 80
197 218
137 48
144 111
29 103
230 49
44 142
22 162
173 133
108 12
33 56
197 147
166 11
90 167
139 137
175 60
37 219
209 18
7 40
142 85
219 168
18 114
91 112
197 88
222 136
208 79
196 121
209 206
47 23
210 60
34 100
205 226
191 167
107 155
77 31
190 223
50 104
206 214
226 231
170 1
146 222
166 195
23 124
32 225
153 106
231 77
55 203
223 112
189 130
88 95
48 219
61 113
208 130
215 9
127 184
134 119
116 187
6 34
46 152
205 102
103 116
65 0
82 66
110 175
3 161
43 185
200 48
79 230
110 192
177 25
37 222
56 185
69 70
0 223
111 161
148 221
189 209
209 182
161 200
160 61
167 111
192 199
76 206
12 165
67 18
66 221
37 40
32 103
129 16
11 100
195 32
95 125
42 16
205 197
218 160
95 65
51 106
96 220
51 41
195 217
155 29
149 126
216 98
148 185
159 30
17 192
223 105
204 0
33 60
89 195
137 212
220 160
71 22
143 145
166 31
220 84
63 72
115 10
178 10
200 103
56 83
24 122
200 102
111 161
175 128
60 125
150 207
20 217
159 129
230 73
223 191
88 80
32 33
19 235
39 30
45 222
136 35
0 97
153 103
158 218
45 153
42 1
143 66
176 1
74 86
1 147
102 115
101 194
8 29
153 149
50 42
190 110
184 105
233 193
24 45
56 51
198 146
52 225
105 8
140 90
19 24
158 150
230 163
128 209
195 199
21 31
141 160
150 72
38 68
99 93
120 175
76 32
148 176
187 141
196 148
121 14
207 174
230 5
126 175
100 213
75 145
167 154
171 135
138 130
7 187
163 30
38 104
80 225
149 93
38 35
157 166
124 147
174 221
218 66
170 19
181 111
57 145
188 212
40 71
69 125
66 184
194 37
116 177
89 131
87 234
175 130
128 61
157 39
27 186
87 125
160 193
130 114
160 222
0 140
97 43
147 149
174 223
164 62
206 150
188 180
91 96
161 209
55 128
24 66
171 179
188 235
12 5
19 90
121 120
126 74
120 68
210 190
16 32
6 131
52 169
129 209
33 127
142 178
220 119
181 226
168 17
160 49
111 162
113 147
156 140
125 88
170 110
213 191
30 139
61 134
160 124
222 99
14 8
77 227
30 217
210 83
5 147
233 145
183 3
167 145
135 48
90 120
219 121
185 181
121 234
4 44
69 43
55 227
219 30
23 134
43 228
165 158
98 172
176 65
138 220
35 130
121 2
106 196
121 27
63 185
146 178
231 170
65 133
153 235
36 67
196 108
36 226
20 101
6 210
111 156
232 122
132 196
154 223
103 132
107 232
33 235
25 101
36 162
74 220
51 77
46 40
12 214
51 175
60 194
76 16
176 75
103 195
34 83
230 39
13 67
184 208
41 214
227 223
121 211
208 173
230 69
110 233
187 197
175 213
163 141
190 113
5 23
80 218
175 190
129 14
91 72
100 215
83 233
177 155
199 157
34 54
6 186
83 98
229 101
105 209
18 78
110 73
216 212
199 91
197 12
144 151
116 155
96 218
80 35
157 158
185 24
119 143
31 111
164 30
116 42
1 174
161 92
46 117
177 11
156 232
57 197
183 6
201 123
43 12
224 57
163 102
27 55
113 143
120 77
106 11
176 206
74 204
124 146
120 105
199 209
175 94
224 136
96 98
33 45
21 105
190 28
125 183
174 35
204 97
142 93
53 53
7 132
11 209
224 70
98 136
194 67
196 83
86 102
189 10
215 95
179 32
157 146
1 166
231 146
226 218
91 125
137 224
2 155
166 55
60 199
176 134
163 209
178 27
11 228
234 93
88 99
10 91
151 93
135 147
67 142
28 81
228 154
128 234
65 153
204 196
86 14
132 7
181 100
57 14
72 186
80 33
188 132
104 225
190 63
143 215
174 217
182 16
142 122
234 148
206 186
229 155
154 1
194 225
64 64
162 82
220 73
54 70
100 122
141 214
12 65
53 154
189 59
125 56
66 204
197 194
114 182
159 189
10 107
84 66
56 139
11 156
131 170
171 38
149 100
155 162
122 96
191 231
139 194
103 121
96 21
229 47
43 69
82 152
232 101
0 225
224 46
228 163
8 144
83 40
218 188
72 194
148 199
98 12
175 223
147 68
221 4
93 109
119 202
170 62
34 181
85 119
195 160
224 164
62 18
41 129
180 217
210 4
79 84
192 212
196 21
234 86
5 102
198 88
213 197
196 12
27 164
216 217
42 216
6 77
200 120
124 66
36 165
106 16
11 99
196 165
188 231
123 89
219 224
85 151
117 90
182 190
211 29
10 218
56 42
134 70
12 138
200 173
235 210
29 200
28 43
78 82
1 34
1 212
173 54
135 207
150 173
59 71
100 56
189 8
6 146
231 78
125 187
21 182
92 125
181 96
114 56
17 113
49 99
120 40
10 122
75 235
83 34
154 51
57 177
75 201
201 133
101 116
23 230
4 45
72 37
99 133
73 153
75 172
182 20
101 104
168 206
152 213
63 140
175 78
14 114
95 111
73 6
107 88
136 146
114 60
194 6
194 203
232 124
206 191
84 225
29 143
56 184
100 81
27 84
86 208
22 139
185 89
207 186
84 172
46 189
234 216
125 231
180 138
130 99
53 32
115 196
13 1
155 215
128 91
162 94
213 74
24 131
217 51
151 223
223 7
155 71
235 109
124 66
82 204
13 222
37 87
127 109
181 175
77 123
91 122
96 165
118 136
79 187
93 52
69 206
82 198
225 110
35 49
69 99
188 228
178 97
187 133
86 76
197 125
232 65
187 166
231 222
205 144
94 200
27 11
105 188
218 189
190 132
97 133
126 76
217 66
44 121
194 209
149 235
150 217
148 185
151 159
39 82
174 128
8 201
96 48
181 173
224 143
60 85
162 25
82 45
30 61
48 109
233 142
72 113
217 60
16 173
118 131
100 95
14 110
211 115
56 68
9 179
160 132
3 26
99 129
51 212
111 85
95 84
210 136
177 11
187 197
27 27
115 235
103 39
183 142
60 98
228 27
168 201
9 18
159 110
22 89
95 209
2 37
43 84
229 177
84 7
96 28
175 27
216 29
47 218
43 122
111 85
3 56
46 43
77 151
154 16
70 144
224 186
77 80
129 8
77 200
61 72
26 50
193 140
148 53
203 126
227 80
9 216
17 14
191 156
97 92
157 125
205 159
173 51
170 185
124 6
119 224
46 103
168 33
15 15
210 97
59 204
226 1
183 186
147 127
156 142
61 2
213 102
41 132
167 116
14 0
131 211
51 107
53 119
63 208
224 113
106 110
190 22
31 172
151 147
117 28
155 0
129 209
40 210
119 14
35 83
131 193
93 195
166 105
33 40
13 0
200 226
181 210
125 5
12 21
133 22
210 200
197 202
118 224
117 195
195 147
219 3
39 76
109 129
190 153
53 119
61 70
200 153
62 185
140 40
207 69
177 213
4 50
116 58
114 82
174 72
113 100
50 65
116 59
117 131
95 94
224 149
60 216
60 58
74 214
95 102
158 205
216 116
65 19
235 100
106 156
45 87
188 157
73 210
27 64
162 172
2 57
46 203
62 124
23 182
199 93
219 54
63 157
73 53
107 34
87 230
56 13
109 54
230 147
49 9
140 208
30 194
199 184
235 81
107 69
55 189
155 119
26 230
226 100
12 14
171 193
84 35
156 208
75 29
101 125
198 92
177 62
134 80
175 177
44 166
218 101
171 141
129 22
146 164
125 208
145 74
90 39
173 106
69 156
156 6
227 109
53 46
60 84
130 35
49 107
206 110
95 156
183 82
184 13
191 58
157 173
129 60
111 146
5 14
134 31
65 170
196 6
206 67
153 40
136 58
35 83
126 168
15 145
110 40
40 57
50 175
65 13
235 13
156 155
29 31
76 162
95 18
214 105
51 5
185 55
202 216
126 131
28 8
43 87
139 158
234 227
221 198
102 152
27 109
41 180
145 195
1 17
13 124
53 7
201 227
108 68
97 179
117 8
74 190
155 94
93 130
178 167
109 28
227 139
95 93
204 105
88 110
67 107
56 44
50 37
196 29
63 126
134 134
200 213
137 95
18 82
93 74
164 173
159 64
26 143
54 1
168 128
55 104
233 142
232 152
75 12
109 202
141 192
101 115
113 61
134 159
198 114
16 21
7 80
101 50
235 23
63 210
159 154
222 201
162 95
107 73
207 192
16 186
71 106
102 104
121 131
129 45
234 25
44 22
94 228
85 151
162 178
43 144
185 155
125 110
230 103
78 154
40 61
226 5
58 177
78 80
202 85
167 195
156 157
88 144
59 71
191 187
33 207
59 65
